'Length': 7.2275, 
'Height': 4.157993221843626, 
'Width': 0.545, 
'GrossFootprintArea': 3.892924758008268, 
'NetFootprintArea': 3.892924758008268, 
'GrossSideArea': 17.70074207946611, 
'NetSideArea': 17.70074207946611, 
'GrossVolume': 9.697192001073343, 
'NetVolume': 9.697192001073343, 
'id': 3369